$DATE_MEA:
06/13/2026 02:45:18
$MEAS_TIM:
171633.04688 171638.00000
$DATA:
0 1023
1884
3531
4437
4981
5236
5269
5437
5332
5353
5523
5694
5578
5718
5993
6409
7338
7865
8858
9718
10567
11780
12838
13656
14671
14987
16032
16664
16970
17460
17571
17951
17718
17638
17522
16881
16929
16572
16319
15791
15522
15105
14922
14305
14122
13703
13182
12931
12723
12299
11784
11558
11188
10774
10543
9955
9815
9386
9259
8773
8474
8197
7953
7731
7445
7186
6960
6588
6403
6333
6166
5771
5636
5547
5226
5244
4996
4771
4721
4496
4339
4252
4063
3811
3835
3667
3522
3573
3373
3249
3366
3088
3050
3017
2934
2843
2786
2667
2656
2503
2454
2412
2297
2162
2119
1979
1888
1832
1857
1722
1728
1629
1545
1530
1405
1499
1493
1357
1361
1328
1291
1236
1247
1188
1079
1122
1045
1105
1047
1005
998
957
983
905
910
903
840
821
880
820
840
809
769
805
817
826
737
681
678
744
631
641
614
636
574
564
540
562
521
501
505
464
466
490
461
463
426
436
484
445
433
439
436
375
415
394
410
384
403
369
381
373
346
351
370
321
346
362
306
330
332
301
316
300
297
315
289
280
288
282
281
295
308
289
295
291
313
274
252
255
267
249
252
268
259
228
254
256
217
224
225
265
233
219
215
231
262
219
250
220
236
222
221
228
228
221
233
213
225
226
249
220
208
213
205
231
212
230
204
220
214
218
191
192
191
203
179
187
187
157
140
188
148
182
191
170
157
160
143
173
135
147
128
149
134
161
146
148
137
134
141
135
154
162
130
141
136
149
119
153
127
141
117
144
124
135
109
118
123
122
145
113
114
134
116
128
124
136
115
112
107
110
112
118
129
103
110
130
96
125
122
102
92
134
101
98
100
97
104
88
106
91
127
87
120
97
112
111
104
96
103
94
113
89
95
110
85
108
82
109
98
92
109
104
97
95
109
97
89
114
97
89
111
105
106
98
103
89
111
101
112
103
91
95
107
94
98
94
94
90
103
95
80
75
88
91
72
85
84
85
85
74
75
88
72
87
82
106
65
70
81
84
79
83
85
80
86
72
81
65
75
73
75
76
78
70
78
83
79
67
65
83
70
70
49
66
95
82
83
82
71
73
83
73
83
93
85
69
72
76
77
94
94
78
66
84
70
55
93
76
72
84
80
69
64
65
80
78
55
73
78
68
62
75
62
66
65
60
52
49
58
62
64
62
50
44
56
57
45
41
60
49
41
44
57
40
39
42
52
43
45
46
36
52
33
42
37
36
39
33
29
31
37
35
28
29
42
37
22
33
38
26
22
24
26
26
22
28
28
25
24
32
29
35
29
25
21
24
30
22
22
28
26
29
27
29
23
31
30
29
32
33
27
34
35
36
38
41
47
35
32
36
36
42
35
41
54
56
49
51
53
47
51
61
55
49
50
52
62
45
54
56
51
51
48
46
34
38
45
38
27
39
42
30
34
28
32
26
23
25
21
25
25
21
25
24
19
18
24
13
19
24
16
16
21
13
12
17
16
23
16
14
20
17
15
23
18
20
18
14
17
13
21
22
22
16
15
17
16
13
15
19
17
9
6
14
8
11
13
10
13
15
9
20
15
9
12
13
10
15
11
9
10
11
11
14
8
10
13
10
10
15
8
13
15
12
12
15
10
13
12
9
7
12
15
13
19
7
14
12
14
9
14
9
15
11
8
11
6
7
12
15
18
6
14
11
14
12
15
7
9
11
5
6
7
8
10
8
4
6
15
5
16
12
7
10
7
8
7
5
11
12
12
11
10
6
8
6
6
9
5
5
8
7
5
5
13
9
6
9
5
13
6
6
16
6
8
5
4
5
10
10
3
9
7
13
9
12
6
12
5
3
6
10
2
8
12
9
7
10
8
7
10
8
4
12
13
5
9
3
6
6
7
6
4
8
7
11
10
3
9
7
5
12
10
11
6
20
9
7
7
6
6
6
9
13
6
9
13
9
4
7
6
7
7
6
7
7
7
7
11
8
7
5
6
9
6
3
9
4
8
4
7
11
7
10
6
6
9
6
8
5
7
13
9
9
5
5
9
7
4
13
5
3
10
4
2
6
8
7
5
13
9
2
11
2
6
5
2
11
9
8
7
5
9
10
7
7
6
10
3
5
8
5
7
6
9
3
5
3
10
3
6
3
5
5
4
6
3
4
0
3
2
6
2
3
7
3
1
6
3
2
4
6
4
5
4
6
4
3
5
6
3
3
4
7
1
6
4
2
5
4
4
0
1
5
2
3
4
5
0
4
6
1
6
5
4
3
2
7
5
2
3
5
3
5
8
3
7
4
7
3
9
2
8
6
5
5
1
7
7
3
6
7
7
2
3
3
4
0
4
2
2
1
6
2
2
3
0
6
2
0
7
5
1
1
4
5
5
7
3
3
3
3
1
4
2
1
1
2
1
3
1
2
4
3
4
2
4
0
3
4
2
3
4257
$ENER_FIT:
7.92149 2.31366 0.0003701
$MCA_CAL:
3
7.92149 2.31366 0.0003701
$ENDRECORD:
