$DATE_MEA:
09/15/2026 22:49:05
$MEAS_TIM:
531951.56250 531964.00000
$DATA:
0 1023
5526
10874
13580
14591
15268
15573
16355
16840
17405
17674
17813
17916
18232
18545
19173
19768
20959
21418
21917
23205
23787
24869
25886
27275
29141
30879
33437
35507
37964
38662
38444
37074
35529
33090
30955
28905
26788
25039
23539
22449
21258
20869
20243
19699
19488
19137
18642
18643
18090
18041
17911
17718
17622
17200
16930
16675
16523
16245
15914
15208
15131
15136
14777
14610
14083
14046
13845
13255
13398
12902
12791
12394
12373
12147
11942
11873
11417
11339
10976
10914
10791
10486
10321
10358
9983
10027
9749
9767
9768
9800
9773
9545
9494
9225
9201
9043
8970
8484
8394
8281
8094
7858
7584
7505
7166
6961
6841
6617
6440
6278
6121
6003
5867
5674
5403
5474
5215
5169
5072
4964
4873
4734
4555
4472
4317
4237
4157
4105
3876
3959
3810
3816
3680
3685
3614
3615
3556
3596
3471
3355
3243
3245
3133
3100
3148
2916
2893
2861
2847
2735
2658
2680
2588
2554
2456
2483
2498
2397
2381
2286
2316
2364
2232
2202
2342
2189
2140
2239
2158
2227
2162
2181
2149
2066
2136
2065
2186
2016
2102
2054
1986
2021
1937
1894
1909
1911
1851
1832
1788
1736
1658
1740
1734
1654
1654
1712
1699
1580
1631
1618
1567
1588
1565
1639
1567
1600
1571
1560
1502
1535
1512
1510
1478
1467
1445
1526
1459
1461
1416
1299
1347
1383
1372
1389
1346
1383
1379
1361
1425
1300
1385
1400
1457
1327
1310
1379
1305
1298
1380
1339
1317
1322
1279
1285
1303
1292
1273
1268
1302
1253
1282
1154
1161
1246
1160
1198
1221
1173
1158
1174
1105
1121
1186
1110
1095
1199
1133
1112
1119
1162
1104
1039
1083
1077
1092
1093
1086
1039
1052
1089
1102
1086
1062
1067
1071
1097
1064
1015
1044
1037
1109
1050
1063
1048
1069
1055
1006
938
1030
1045
1024
1036
1014
977
999
994
966
1022
966
1026
975
1012
988
977
1001
949
1031
991
993
962
947
990
971
1018
919
993
948
966
950
937
949
992
912
915
945
966
902
939
971
963
954
999
1001
960
959
947
918
896
954
952
991
848
1028
993
938
939
1039
945
918
973
969
902
958
946
984
973
958
981
981
989
1032
889
954
952
956
1049
970
931
979
937
1022
970
972
901
1010
952
970
972
966
953
994
933
971
1002
959
1024
1009
991
944
1026
1011
1018
972
970
973
980
977
1023
990
1006
997
986
1017
1000
994
968
1022
956
1063
985
962
1043
1047
1045
1063
1038
1014
1008
1029
1049
1103
1065
1015
1035
1048
1118
995
1095
1071
1101
1066
1050
1055
1114
1064
1082
1114
1120
1144
1111
1044
1097
1107
1130
1159
1081
1084
1060
1071
1072
1114
1091
1017
1026
1016
1067
1044
971
1003
974
948
906
914
919
840
874
786
830
810
721
723
714
694
612
622
640
591
517
532
509
512
502
476
426
390
378
393
357
365
336
326
324
306
285
331
289
319
278
268
231
265
270
239
275
218
187
235
241
239
226
243
211
203
211
201
197
218
274
227
251
250
240
281
271
254
261
292
295
315
329
380
320
386
402
425
425
478
522
567
604
627
616
626
765
779
789
813
878
919
911
920
939
951
1033
913
942
955
967
898
910
863
852
785
778
765
695
702
620
577
556
519
507
418
397
400
385
341
319
277
264
256
232
201
188
207
183
145
168
153
142
126
134
132
114
133
98
86
112
92
129
98
98
86
111
106
95
91
80
81
70
85
87
71
61
93
87
71
56
60
51
68
66
66
49
55
55
51
68
48
61
48
49
52
32
41
44
41
49
46
35
40
49
40
32
31
51
25
36
38
24
37
34
28
29
28
41
27
33
33
18
34
37
29
28
25
28
27
38
47
25
24
33
30
30
23
30
27
31
29
31
22
31
35
25
28
39
32
16
18
34
26
29
29
15
26
21
35
23
20
24
23
28
26
24
20
24
24
13
31
28
34
13
24
24
18
19
20
20
26
25
26
19
31
22
17
18
20
22
20
16
26
22
24
24
27
23
26
27
20
23
22
20
26
22
23
16
24
26
18
16
24
16
22
15
20
21
27
19
15
25
18
24
19
20
15
22
25
30
26
22
16
25
23
13
23
18
18
24
28
24
25
37
24
19
19
19
30
22
23
24
20
16
27
15
21
26
24
25
17
21
18
16
22
19
13
19
24
21
16
10
24
19
18
30
20
22
13
12
31
17
24
15
24
24
15
30
23
17
26
21
20
17
17
19
21
17
15
18
17
16
20
17
22
18
15
20
19
22
16
24
16
7
16
22
22
17
20
25
16
13
16
17
19
15
9
17
16
9
13
13
10
11
16
17
15
14
11
8
13
16
15
14
9
8
9
12
11
14
19
11
15
14
13
7
6
9
12
8
13
13
9
12
10
10
19
10
7
12
10
16
9
5
6
10
10
11
11
1
9
15
10
11
8
13
19
17
11
11
14
9
13
12
18
10
14
14
12
13
10
7
11
17
12
14
10
13
7
13
9
12
9
19
17
6
8
10
14
13
7
16
9
15
16
8
19
15
13
13
14
10
12
14
12
16
12
15
8
11
10
9
7
15
11
9
8
8
9
8
10
5
7
5
11
10
8
11
8
7
6
4
7
7
9
11
13
5
15
10
9
8
11
12
6
13058
$ENER_FIT:
-0.661835 2.42153 0.000293087
$MCA_CAL:
3
-0.661835 2.42153 0.000293087
$ENDRECORD:
