$DATE_MEA:
09/14/2026 23:32:11
$MEAS_TIM:
81529.10938 81530.00000
$DATA:
0 1023
485
915
1220
1217
1170
1145
1070
1053
992
957
903
968
997
1013
1135
1228
1337
1263
1229
1252
1221
1246
1406
1532
1788
2129
2461
3018
3308
3736
3691
3621
3319
2956
2474
2286
1916
1634
1385
1201
1130
1076
1002
981
976
982
997
997
1036
1011
1037
1046
1034
1015
1042
1054
1123
1097
1062
1145
1097
1081
1070
1058
1109
1138
1065
1112
1093
1070
1080
1124
1108
1098
998
1097
1117
1013
1034
1011
1001
1022
980
944
940
896
945
878
884
888
858
850
863
807
770
786
817
789
723
724
704
699
632
645
677
608
590
552
598
550
576
516
551
514
512
492
471
495
464
451
467
429
406
403
382
411
407
399
374
365
381
394
360
346
327
362
322
364
342
302
341
302
331
274
254
263
271
277
286
254
248
237
235
243
201
216
231
209
222
213
214
208
215
197
188
170
195
162
174
160
189
179
169
172
194
175
181
162
164
141
148
174
144
151
165
150
143
165
142
160
125
137
133
127
151
135
113
121
139
117
105
130
140
136
134
117
128
117
109
114
115
117
98
116
111
117
118
120
88
91
108
106
95
107
109
100
97
100
107
97
95
98
88
121
106
101
115
107
113
94
115
104
89
101
99
101
105
97
99
82
96
93
76
85
99
79
78
81
64
62
75
72
79
59
76
66
84
64
77
63
64
70
66
58
75
68
68
58
70
64
63
48
63
49
65
53
49
42
64
49
56
67
51
39
64
60
55
52
65
49
54
58
56
52
43
50
42
53
54
51
51
52
53
61
45
58
50
47
44
45
42
42
36
45
38
42
52
59
41
49
50
45
44
41
55
46
56
40
43
42
47
45
60
40
38
50
38
39
45
50
41
34
31
44
58
42
37
38
41
48
56
40
46
43
34
52
37
39
47
34
45
33
50
45
42
45
40
40
39
33
37
38
32
37
38
29
37
33
41
35
40
34
29
43
38
56
30
41
37
37
23
31
40
42
39
43
30
27
31
26
29
31
28
24
42
31
30
31
30
39
42
33
35
35
30
31
36
46
28
32
35
33
38
39
33
38
23
51
29
32
35
36
38
29
40
23
27
34
27
32
20
35
19
27
44
37
26
42
28
35
44
24
36
24
26
25
33
39
17
21
32
21
30
37
34
18
28
25
29
20
27
17
24
16
19
22
13
11
14
16
12
15
18
17
12
18
18
17
14
16
20
16
15
18
19
22
13
17
12
28
11
13
6
13
11
19
13
11
15
15
12
12
9
12
21
10
12
11
10
9
9
13
14
13
11
12
18
12
13
13
14
14
15
22
20
15
24
16
17
16
19
33
21
13
23
23
21
14
23
18
30
30
33
21
29
29
23
30
25
22
22
27
27
16
17
16
17
16
13
15
12
18
16
8
18
13
23
6
8
10
17
9
8
8
10
10
10
11
10
15
8
7
12
9
9
5
3
6
8
7
4
8
7
11
7
8
4
7
6
7
6
5
7
7
7
10
7
9
9
3
8
8
7
4
5
6
6
8
5
6
5
5
4
5
3
4
4
5
7
4
3
4
7
9
6
4
8
5
5
4
5
6
10
4
4
5
3
7
1
7
5
4
4
4
5
0
8
4
3
7
2
6
7
4
6
2
4
3
4
4
1
9
5
5
6
6
4
4
5
3
8
8
1
2
3
5
4
2
7
3
2
7
6
6
2
3
1
2
2
5
7
0
4
1
1
4
2
3
6
1
2
6
4
4
7
3
4
2
4
1
6
7
2
2
4
1
1
4
0
4
0
5
5
4
3
1
3
6
2
1
2
3
7
3
2
6
3
1
4
3
2
1
1
1
3
6
4
2
3
6
1
3
4
2
5
6
6
1
4
3
1
3
1
0
6
2
2
2
4
1
4
7
3
2
9
2
1
4
3
7
3
2
2
3
5
4
3
2
3
4
1
3
0
2
2
5
2
6
4
5
2
2
5
3
3
4
3
4
3
4
2
3
2
4
0
1
3
8
3
3
7
5
5
6
1
5
1
2
1
2
0
3
3
1
3
0
3
1
3
1
2
2
3
2
2
3
0
6
4
3
1
3
2
3
3
3
3
3
5
1
0
4
3
3
2
3
2
1
1
2
3
0
2
0
1
2
2
1
1
0
1
4
1
2
1
2
3
3
3
0
2
4
1
3
3
0
1
1
1
1
1
1
0
2
1
0
4
0
2
3
3
5
5
5
1
1
2
1
3
3
1
3
3
2
2
2
0
3
3
2
3
1
4
4
1
2
3
2
5
3
1
3
1
1
0
1
1
2
2
2
1
2
3
1
1
2
2
3
0
1
2
3
1
1
0
2
5
2
0
2
2
4
1
2
1
2
1
0
1
1
1
2
2
1
1
1
1
1
1
0
2
0
1
2046
$ENER_FIT:
-0.661835 2.42153 0.000293087
$MCA_CAL:
3
-0.661835 2.42153 0.000293087
$ENDRECORD:
