$SPEC_REM:
N42 file created by: InterSpec
$DATE_MEA:
06/11/2026 15:44:51
$MEAS_TIM:
125995.84375 126001.00000
$DATA:
0 1023
2076
3861
4874
5250
5258
5325
5304
5227
5328
5468
5664
5582
5669
6042
6382
6950
7536
8121
8755
9690
10575
11365
12229
12945
13570
14142
14652
15186
15728
16326
16676
16559
16716
16296
16093
15856
15629
15110
14805
14235
13677
13376
12911
12422
12001
11743
11199
11085
10896
10713
10311
10314
10015
10075
9390
9253
9021
8581
8228
7943
7757
7430
7282
7115
6792
6578
6372
6191
6030
5856
5608
5502
5310
5278
5205
5081
4875
4793
4778
4570
4530
4579
4448
4438
4394
4242
4244
4111
4185
4205
4308
4439
4661
4725
4910
4963
5111
4926
4996
4849
4583
4115
3857
3532
3259
3028
2742
2527
2448
2271
2252
2077
2038
1904
1974
1851
1898
1773
1695
1700
1615
1680
1585
1513
1507
1450
1493
1440
1418
1440
1313
1374
1440
1449
1387
1452
1446
1375
1398
1359
1305
1318
1270
1152
1175
1124
1038
1018
942
896
849
890
814
770
745
738
741
766
725
706
656
646
635
689
599
614
556
567
618
550
588
536
533
485
519
495
539
535
512
522
487
523
526
493
518
508
543
518
492
469
452
431
494
484
432
458
445
461
463
457
460
438
451
456
478
473
479
485
435
448
445
470
433
466
421
450
464
419
426
368
403
434
465
428
448
428
446
451
492
443
510
509
488
548
567
505
520
582
527
523
482
455
499
478
436
447
452
431
381
354
390
342
351
341
348
302
310
315
289
288
268
274
289
281
280
271
265
256
266
259
255
240
241
252
247
260
224
257
238
202
238
267
230
229
211
225
233
226
228
213
212
193
241
211
235
210
210
223
223
222
185
172
210
184
193
179
195
187
149
169
197
178
176
177
182
154
176
179
170
177
165
168
162
163
156
175
154
161
147
178
151
138
164
127
141
130
142
144
158
146
159
161
168
166
155
148
157
159
181
147
152
129
177
155
194
186
168
186
170
176
168
192
178
192
188
186
185
184
183
166
165
146
156
179
154
179
145
161
165
157
139
150
138
154
129
132
130
134
124
128
126
123
113
148
107
99
127
115
106
106
111
110
91
85
123
91
95
85
88
90
97
94
90
97
103
80
94
87
85
74
85
109
104
92
70
98
91
92
82
87
103
93
96
71
81
96
104
92
87
86
94
91
83
88
84
85
100
85
101
75
85
81
91
73
88
78
85
86
84
71
73
65
79
81
80
78
66
63
87
72
86
64
77
78
67
74
66
70
62
63
51
68
64
67
63
62
73
49
68
61
69
65
69
48
59
51
42
56
40
59
54
42
46
46
40
38
47
52
46
35
33
61
44
41
39
40
41
48
52
38
50
34
43
34
49
41
37
39
42
37
45
46
35
31
39
49
45
30
49
37
49
49
56
34
45
34
53
45
43
59
56
45
38
61
48
41
42
53
64
54
65
56
56
56
66
72
62
66
55
54
56
52
60
56
52
65
55
59
62
49
50
59
47
61
40
36
52
55
45
37
50
38
46
42
38
48
48
40
40
47
49
46
44
63
38
58
52
59
56
43
48
60
62
48
50
46
53
35
43
42
41
47
44
44
39
28
41
37
37
30
35
35
35
39
36
21
24
34
30
23
22
31
20
19
16
19
23
20
31
22
32
17
16
17
31
21
24
24
26
15
19
18
22
28
24
18
23
27
22
23
17
15
20
25
26
24
29
16
25
20
25
21
19
20
23
15
27
28
15
16
16
26
21
21
19
24
26
25
29
12
19
20
32
16
25
23
23
19
29
12
15
26
21
24
17
19
16
20
22
23
11
11
18
26
19
13
17
20
25
17
15
15
19
13
22
18
15
22
11
15
14
24
18
22
17
20
16
12
20
18
21
13
17
23
13
13
20
19
18
21
19
16
22
24
16
11
17
21
13
14
20
16
13
16
22
19
23
19
21
23
14
18
20
18
17
11
31
17
18
21
26
24
22
24
17
17
24
16
18
14
18
24
27
25
23
21
27
17
19
16
13
18
24
19
18
17
22
17
17
15
16
17
18
22
13
22
19
16
15
14
24
20
26
18
19
19
28
18
18
28
12
18
25
24
8
24
17
12
22
18
20
22
17
19
23
26
12
22
17
18
17
22
23
17
16
15
13
12
15
16
15
17
19
13
13
18
13
16
21
10
15
11
12
14
16
14
11
20
8
7
16
11
2
10
9
6
5
7
13
11
10
3
7
8
7
10
8
5
9
6
5
5
12
9
8
9
4
7
9
5
9
6
3
6
7
3
6
6
3
6
6
6
8
5
4
8
6
3
10
7
6
8
10
6
6
8
5
9
9
9
9
11
11
11
12
9
8
14
12
12
11
14
14
10
12
10
15
9
9
8
10
8
11
7
12
11
11
15
6
9
4
10
8
7
8
3
9
6
9
6
7
3
3
1
7
7
2
4
3
3
1
4
2
2
2
1
3
4
7
0
3
4
4
4
2
4
2
4
1
3
4
3
6
3196
$ENER_FIT:
7.92149 2.31366 0.0003701
$MCA_CAL:
3
7.92149 2.31366 0.0003701
$ENDRECORD:
